*  
*            Z E T A - C A S
*    Table file for Zeta Cassiopeiae flux standard 
*    based on data from STScI ( see Turnshek et al. 
*    AJ, 99, 1243, 1990 ). Data extracted from STSDAS 
*    table held in CALSPEC directory at STScI. Fluxes 
*    formed from Voyager, IUE and optical ( Oke and 
*    others ) data. Note that these are fitted continuum 
*    fluxes, not directly measured fluxes and so should be 
*    treated in the same way as Fillipenko and Greenstein 
*    standards
*
SET .Z.UNITS = "milli-Janskys" 
SET .Z.LABEL = "Flux" 
*
  925.5200      1.3524572E+07
  934.7800      3.5943092E+07
  944.0400      6.5447372E+07
  953.3000      1.0130736E+08
  962.5600      1.2951951E+08
  971.8200      1.1523882E+08
  981.0800      8.2036152E+07
  990.3400      9.2620120E+07
  999.6000      1.4489126E+08
  1008.860      1.7676042E+08
  1018.120      1.6413074E+08
  1027.380      1.3884963E+08
  1036.640      1.5133064E+08
  1045.900      2.1256920E+08
  1055.160      2.4869555E+08
  1064.420      2.4405054E+08
  1073.680      2.3351037E+08
  1082.940      2.1256126E+08
  1092.200      2.0845606E+08
  1101.460      2.1689728E+08
  1110.720      2.3333096E+08
  1119.980      2.2938861E+08
  1129.240      2.1031824E+08
  1138.500      2.3007318E+08
  1155.800      2.3859048E+08
  1157.000      2.4009784E+08
  1158.000      2.2477573E+08
  1159.200      2.3281454E+08
  1160.400      2.2841499E+08
  1161.600      2.3742238E+08
  1162.800      2.3347037E+08
  1164.000      2.2761587E+08
  1165.200      2.2355005E+08
  1166.400      2.1793856E+08
  1167.600      2.2092602E+08
  1168.800      2.1324102E+08
  1169.800      1.9453368E+08
  1171.000      1.7193978E+08
  1172.200      1.5570061E+08
  1173.400      1.4796674E+08
  1174.600      1.5219077E+08
  1175.800      1.7787208E+08
  1177.000      1.9707259E+08
  1178.200      2.0487867E+08
  1179.400      2.1918256E+08
  1180.400      2.2357558E+08
  1181.600      2.3491030E+08
  1182.800      2.4324106E+08
  1184.000      2.4757365E+08
  1185.200      2.4786739E+08
  1186.400      2.4335966E+08
  1187.600      2.4141850E+08
  1188.800      2.2796150E+08
  1190.000      2.2457493E+08
  1191.200      2.1185669E+08
  1192.200      2.0034293E+08
  1193.400      1.9078670E+08
  1194.600      1.8672360E+08
  1195.800      1.8292531E+08
  1197.000      1.8344946E+08
  1198.200      1.8353448E+08
  1199.400      1.6457790E+08
  1200.600      1.4409138E+08
  1201.800      1.2634602E+08
  1203.000      1.0245819E+08
  1204.000      8.3369856E+07
  1205.200      7.5048888E+07
  1206.400      7.9876864E+07
  1207.600      7.3239784E+07
  1208.800      6.7680032E+07
  1210.000      6.7093016E+07
  1211.200      5.1463828E+07
  1212.400      3.5144660E+07
  1213.600      3.2052594E+07
  1214.800      4.1943112E+07
  1215.800      6.7502960E+07
  1217.000      1.0093098E+08
  1218.200      1.2001698E+08
  1219.400      1.5151419E+08
  1220.600      1.7409395E+08
  1221.800      1.8432003E+08
  1223.000      1.9736232E+08
  1224.200      2.0288682E+08
  1225.400      2.0158298E+08
  1226.600      2.0227470E+08
  1227.600      2.0853024E+08
  1228.800      2.1650422E+08
  1230.000      2.2544405E+08
  1231.200      2.2929595E+08
  1232.400      2.3432606E+08
  1233.600      2.2971526E+08
  1234.800      2.2958666E+08
  1236.000      2.4184616E+08
  1237.200      2.3928938E+08
  1238.400      2.4710275E+08
  1239.400      2.4973150E+08
  1240.600      2.5102466E+08
  1241.800      2.4519310E+08
  1243.000      2.4938187E+08
  1244.200      2.3813093E+08
  1245.400      2.3411416E+08
  1246.600      2.3212336E+08
  1247.800      2.2985907E+08
  1249.000      2.3076283E+08
  1250.200      2.3681266E+08
  1251.200      2.3215955E+08
  1252.400      2.4225118E+08
  1253.600      2.4383413E+08
  1254.800      2.3929094E+08
  1256.000      2.4130454E+08
  1257.200      2.3697912E+08
  1258.400      2.3332123E+08
  1259.600      2.4018749E+08
  1260.800      2.4562422E+08
  1262.000      2.3529491E+08
  1263.000      2.3092453E+08
  1264.200      2.3724467E+08
  1265.400      2.3508214E+08
  1266.600      2.4748558E+08
  1267.800      2.4969750E+08
  1269.000      2.5169640E+08
  1270.200      2.5655509E+08
  1271.400      2.4948869E+08
  1272.600      2.4260786E+08
  1273.600      2.5379042E+08
  1274.800      2.5405526E+08
  1276.000      2.4434280E+08
  1277.200      2.5243146E+08
  1278.400      2.5859810E+08
  1279.600      2.6387205E+08
  1280.800      2.5906643E+08
  1282.000      2.5972318E+08
  1283.200      2.5421376E+08
  1284.400      2.5422827E+08
  1285.400      2.4879770E+08
  1286.600      2.4315240E+08
  1287.800      2.3887462E+08
  1289.000      2.3791872E+08
  1290.200      2.3291938E+08
  1291.400      2.1792755E+08
  1292.600      2.0810344E+08
  1293.800      1.9296120E+08
  1295.000      1.8705643E+08
  1296.200      1.8240666E+08
  1297.200      1.7587880E+08
  1298.400      1.7444066E+08
  1299.600      1.7529966E+08
  1300.800      1.7807920E+08
  1302.000      1.8473902E+08
  1303.200      1.9405454E+08
  1304.400      2.0768070E+08
  1305.600      2.1951637E+08
  1306.800      2.2945965E+08
  1308.000      2.3439709E+08
  1309.000      2.4203690E+08
  1310.200      2.4677739E+08
  1311.400      2.4622203E+08
  1312.600      2.5325875E+08
  1313.800      2.4809774E+08
  1315.000      2.4619283E+08
  1316.200      2.5227741E+08
  1317.400      2.5266160E+08
  1318.600      2.4882776E+08
  1319.800      2.4330035E+08
  1320.800      2.3843336E+08
  1322.000      2.3431165E+08
  1323.200      2.3339502E+08
  1324.400      2.3206067E+08
  1325.600      2.3242378E+08
  1326.800      2.2302099E+08
  1328.000      2.2897795E+08
  1329.200      2.2703082E+08
  1330.400      2.1900792E+08
  1331.600      2.1014005E+08
  1332.600      2.0621560E+08
  1333.800      2.0287523E+08
  1335.000      2.0866720E+08
  1336.200      2.2358197E+08
  1337.400      2.3361192E+08
  1338.600      2.3766181E+08
  1339.800      2.3118736E+08
  1341.000      2.2313219E+08
  1342.200      2.2597885E+08
  1343.400      2.3204589E+08
  1344.400      2.3739997E+08
  1345.600      2.3578110E+08
  1346.800      2.3933090E+08
  1348.000      2.4332066E+08
  1349.200      2.3712435E+08
  1350.400      2.3757624E+08
  1351.600      2.3854910E+08
  1352.800      2.3530474E+08
  1354.000      2.3528045E+08
  1355.200      2.4095771E+08
  1356.200      2.3456546E+08
  1357.400      2.4041915E+08
  1358.600      2.3617442E+08
  1359.800      2.3024299E+08
  1361.000      2.3108584E+08
  1362.200      2.3195114E+08
  1363.400      2.2469381E+08
  1364.600      2.2063368E+08
  1365.800      2.2576162E+08
  1366.800      2.2337144E+08
  1368.000      2.1770658E+08
  1369.200      2.2178491E+08
  1370.400      2.2053874E+08
  1371.600      2.1750445E+08
  1372.800      2.1919605E+08
  1374.000      2.0979931E+08
  1375.200      2.1026928E+08
  1376.400      2.0839566E+08
  1377.600      2.1007867E+08
  1378.600      2.0286944E+08
  1379.800      2.0536018E+08
  1381.000      2.0704368E+08
  1382.200      2.0470462E+08
  1383.400      1.9606814E+08
  1384.600      2.0120662E+08
  1385.800      1.9163781E+08
  1387.000      1.8518539E+08
  1388.200      1.7522654E+08
  1389.400      1.6089869E+08
  1390.400      1.4295333E+08
  1391.600      1.3400529E+08
  1392.800      1.3474651E+08
  1394.000      1.4787643E+08
  1395.200      1.6092342E+08
  1396.400      1.6134981E+08
  1397.600      1.7120059E+08
  1398.800      1.6859096E+08
  1400.000      1.5460491E+08
  1401.200      1.5481622E+08
  1402.200      1.5658798E+08
  1403.400      1.6716725E+08
  1404.600      1.7958600E+08
  1405.800      1.8995814E+08
  1407.000      1.8766989E+08
  1408.200      1.8617661E+08
  1409.400      1.8928941E+08
  1410.600      1.8941622E+08
  1411.800      1.9134304E+08
  1413.000      1.8974386E+08
  1414.000      1.8702317E+08
  1415.200      1.8688030E+08
  1416.400      1.8665925E+08
  1417.600      1.8919840E+08
  1418.800      1.9325592E+08
  1420.000      1.8826094E+08
  1421.200      1.9175357E+08
  1422.400      1.9855906E+08
  1423.600      2.0093640E+08
  1424.800      1.9428266E+08
  1425.800      1.9699342E+08
  1427.000      1.9510565E+08
  1428.200      1.9795870E+08
  1429.400      2.0087640E+08
  1430.600      2.0137061E+08
  1431.800      2.0030510E+08
  1433.000      2.0269890E+08
  1434.200      1.9664032E+08
  1435.400      1.9907947E+08
  1436.600      2.0261123E+08
  1437.600      2.0709234E+08
  1438.800      2.1103206E+08
  1440.000      2.1462029E+08
  1441.200      2.1435275E+08
  1442.400      2.1690872E+08
  1443.600      2.1322933E+08
  1444.800      2.1213227E+08
  1446.000      2.1147741E+08
  1447.200      2.1296354E+08
  1448.400      2.0939979E+08
  1449.400      2.0996522E+08
  1450.600      2.1230656E+08
  1451.800      2.1063808E+08
  1453.000      2.1023512E+08
  1454.200      2.1223851E+08
  1455.400      2.1684586E+08
  1456.600      2.2011974E+08
  1457.800      2.1296446E+08
  1459.000      2.1460944E+08
  1460.000      2.1491504E+08
  1461.200      2.1063853E+08
  1462.400      2.0961419E+08
  1463.600      2.0510194E+08
  1464.800      2.0590835E+08
  1466.000      2.0849362E+08
  1467.200      2.0582880E+08
  1468.400      2.0542195E+08
  1469.600      2.0585275E+08
  1470.800      2.1138920E+08
  1471.800      2.0769120E+08
  1473.000      2.0793534E+08
  1474.200      2.0801206E+08
  1475.400      2.0850552E+08
  1476.600      2.1272563E+08
  1477.800      2.1304773E+08
  1479.000      2.1401646E+08
  1480.200      2.1713603E+08
  1481.400      2.1093848E+08
  1482.600      2.0821040E+08
  1483.600      2.1137202E+08
  1484.800      2.1274058E+08
  1486.000      2.2193643E+08
  1487.200      2.2859362E+08
  1488.400      2.2195008E+08
  1489.600      2.1804291E+08
  1490.800      2.1624053E+08
  1492.000      2.0904282E+08
  1493.200      2.0222408E+08
  1494.400      2.0543549E+08
  1495.400      2.1049890E+08
  1496.600      2.0126938E+08
  1497.800      1.9602682E+08
  1499.000      1.9091453E+08
  1500.200      1.9114608E+08
  1501.400      1.9281042E+08
  1502.600      1.8933514E+08
  1503.800      1.9262253E+08
  1505.000      1.9718427E+08
  1506.200      1.9766029E+08
  1507.200      1.9635510E+08
  1508.400      1.9382712E+08
  1509.600      1.8601152E+08
  1510.800      1.7994482E+08
  1512.000      1.8268485E+08
  1513.200      1.8015358E+08
  1514.400      1.7517691E+08
  1515.600      1.7833514E+08
  1516.800      1.8544666E+08
  1518.000      1.8544990E+08
  1519.000      1.9489326E+08
  1520.200      1.9584654E+08
  1521.400      1.9554744E+08
  1522.600      1.9713838E+08
  1523.800      1.8708602E+08
  1525.000      1.8321635E+08
  1526.200      1.7614434E+08
  1527.400      1.7069794E+08
  1528.600      1.6712762E+08
  1529.800      1.6491653E+08
  1530.800      1.5730414E+08
  1532.000      1.5937571E+08
  1533.200      1.5907222E+08
  1534.400      1.6287984E+08
  1535.600      1.5979062E+08
  1536.800      1.5841061E+08
  1538.000      1.6066602E+08
  1539.200      1.6281082E+08
  1540.400      1.6318163E+08
  1541.400      1.6071330E+08
  1542.600      1.5981694E+08
  1543.800      1.5082506E+08
  1545.000      1.3551715E+08
  1546.200      1.3189166E+08
  1547.400      1.2944758E+08
  1548.600      1.2920193E+08
  1549.800      1.3387440E+08
  1551.000      1.4745328E+08
  1552.200      1.6162747E+08
  1553.200      1.6708064E+08
  1554.400      1.7023677E+08
  1555.600      1.6901539E+08
  1556.800      1.7499659E+08
  1558.000      1.7656917E+08
  1559.200      1.7067694E+08
  1560.400      1.7227349E+08
  1561.600      1.7492898E+08
  1562.800      1.6633056E+08
  1564.000      1.6606342E+08
  1565.000      1.7129234E+08
  1566.200      1.7765347E+08
  1567.400      1.7518154E+08
  1568.600      1.7198698E+08
  1569.800      1.7403126E+08
  1571.000      1.7881158E+08
  1572.200      1.7668941E+08
  1573.400      1.8007725E+08
  1574.600      1.8082696E+08
  1575.800      1.7959349E+08
  1576.800      1.7927709E+08
  1578.000      1.7440886E+08
  1579.200      1.7190203E+08
  1580.400      1.7693674E+08
  1581.600      1.7904104E+08
  1582.800      1.8212530E+08
  1584.000      1.8482018E+08
  1585.200      1.8900821E+08
  1586.400      1.9035566E+08
  1587.600      1.8920837E+08
  1588.600      1.8849301E+08
  1589.800      1.8483357E+08
  1591.000      1.8063528E+08
  1592.200      1.7924205E+08
  1593.400      1.7959546E+08
  1594.600      1.7925307E+08
  1595.800      1.7948152E+08
  1597.000      1.8014250E+08
  1598.200      1.8111269E+08
  1599.400      1.8323406E+08
  1600.400      1.7893256E+08
  1601.600      1.7186843E+08
  1602.800      1.7745774E+08
  1604.000      1.7841426E+08
  1605.200      1.7846950E+08
  1606.400      1.7827053E+08
  1607.600      1.7644203E+08
  1608.800      1.7419682E+08
  1610.000      1.7306557E+08
  1611.200      1.7758872E+08
  1612.200      1.8418571E+08
  1613.400      1.8434594E+08
  1614.600      1.8783274E+08
  1615.800      1.8666786E+08
  1617.000      1.8534162E+08
  1618.200      1.8101328E+08
  1619.400      1.8517360E+08
  1620.600      1.8941789E+08
  1621.800      1.8739397E+08
  1623.000      1.8520491E+08
  1624.000      1.9058947E+08
  1625.200      1.9188373E+08
  1626.400      1.8857458E+08
  1627.600      1.8878008E+08
  1628.800      1.8676338E+08
  1630.000      1.8511790E+08
  1631.200      1.8737258E+08
  1632.400      1.8904931E+08
  1633.600      1.8948778E+08
  1634.600      1.8821259E+08
  1635.800      1.8552893E+08
  1637.000      1.8696075E+08
  1638.200      1.9450976E+08
  1639.400      1.8871624E+08
  1640.600      1.9192587E+08
  1641.800      1.9318082E+08
  1643.000      1.9717432E+08
  1644.200      1.9960915E+08
  1645.400      2.0301384E+08
  1646.400      2.0553160E+08
  1647.600      2.0186248E+08
  1648.800      2.0150154E+08
  1650.000      1.9735192E+08
  1651.200      1.9822144E+08
  1652.400      2.0187402E+08
  1653.600      1.9800435E+08
  1654.800      1.9838211E+08
  1656.000      1.9976613E+08
  1657.200      1.9946893E+08
  1658.200      1.9731595E+08
  1659.400      1.9841566E+08
  1660.600      1.9824973E+08
  1661.800      1.9793131E+08
  1663.000      1.9287139E+08
  1664.200      1.9560670E+08
  1665.400      1.9680014E+08
  1666.600      1.9384414E+08
  1667.800      1.9640771E+08
  1669.000      1.9650779E+08
  1670.000      1.9319992E+08
  1671.200      1.9320246E+08
  1672.400      1.9231611E+08
  1673.600      1.9243904E+08
  1674.800      1.9485005E+08
  1676.000      1.9762166E+08
  1677.200      2.0217123E+08
  1678.400      2.0371048E+08
  1679.600      2.0057227E+08
  1680.800      2.0061104E+08
  1681.800      2.0126850E+08
  1683.000      2.0248669E+08
  1684.200      2.0443734E+08
  1685.400      2.0440189E+08
  1686.600      2.0135955E+08
  1687.800      2.0138122E+08
  1689.000      2.0237067E+08
  1690.200      1.9804306E+08
  1691.400      1.9688314E+08
  1692.600      1.9747634E+08
  1693.600      1.9661010E+08
  1694.800      2.0063262E+08
  1696.000      1.9926274E+08
  1697.200      1.9788872E+08
  1698.400      1.9808958E+08
  1699.600      1.9848016E+08
  1700.800      1.9776275E+08
  1702.000      1.9639176E+08
  1703.200      1.9411123E+08
  1704.400      1.9296926E+08
  1705.400      1.9158690E+08
  1706.600      1.9292520E+08
  1707.800      1.8735118E+08
  1709.000      1.8569482E+08
  1710.200      1.8653262E+08
  1711.400      1.8663382E+08
  1712.600      1.8766699E+08
  1713.800      1.8743142E+08
  1715.000      1.8671131E+08
  1716.200      1.8163363E+08
  1717.200      1.7645211E+08
  1718.400      1.7829950E+08
  1719.600      1.7362589E+08
  1720.800      1.7271742E+08
  1722.000      1.7648155E+08
  1723.200      1.7661414E+08
  1724.400      1.8311339E+08
  1725.600      1.8935259E+08
  1726.800      1.9142877E+08
  1727.800      1.9527968E+08
  1729.000      1.9781008E+08
  1730.200      1.9874053E+08
  1731.400      2.0041157E+08
  1732.600      1.9929205E+08
  1733.800      1.9846534E+08
  1735.000      1.9872394E+08
  1736.200      1.9913107E+08
  1737.400      1.9519093E+08
  1738.600      1.8875686E+08
  1739.600      1.8897418E+08
  1740.800      1.9145862E+08
  1742.000      1.9143970E+08
  1743.200      1.9270248E+08
  1744.400      1.9180158E+08
  1745.600      1.9063008E+08
  1746.800      1.9102606E+08
  1748.000      1.9003366E+08
  1749.200      1.8937298E+08
  1750.400      1.9179736E+08
  1751.400      1.9487229E+08
  1752.600      2.0156526E+08
  1753.800      2.0650698E+08
  1755.000      2.0672203E+08
  1756.200      2.0143120E+08
  1757.400      2.0248446E+08
  1758.600      2.0452266E+08
  1759.800      2.0122341E+08
  1761.000      1.9854293E+08
  1762.200      2.0034426E+08
  1763.200      2.0188243E+08
  1764.400      2.0244712E+08
  1765.600      2.0277413E+08
  1766.800      2.0298130E+08
  1768.000      2.0457522E+08
  1769.200      1.9959074E+08
  1770.400      1.9740739E+08
  1771.600      1.9580139E+08
  1772.800      1.9456914E+08
  1774.000      1.9398850E+08
  1775.000      1.9267160E+08
  1776.200      1.9426218E+08
  1777.400      1.9904013E+08
  1778.600      2.0043490E+08
  1779.800      2.0216280E+08
  1781.000      2.0097611E+08
  1782.200      2.0208246E+08
  1783.400      2.0413096E+08
  1784.600      2.0145818E+08
  1785.800      1.9619347E+08
  1786.800      1.9398254E+08
  1788.000      1.9312314E+08
  1789.200      1.9404858E+08
  1790.400      2.0099730E+08
  1791.600      2.0142456E+08
  1792.800      2.0187091E+08
  1794.000      2.0207050E+08
  1795.200      2.0126406E+08
  1796.400      2.0376014E+08
  1797.600      2.0477566E+08
  1798.600      2.0810344E+08
  1799.800      2.1070562E+08
  1801.000      2.1048918E+08
  1802.200      2.1057379E+08
  1803.400      2.1224363E+08
  1804.600      2.0778243E+08
  1805.800      2.0673747E+08
  1807.000      2.0592147E+08
  1808.200      2.0427938E+08
  1809.400      2.0119779E+08
  1810.400      1.9885358E+08
  1811.600      1.9687104E+08
  1812.800      1.9428821E+08
  1814.000      1.9422123E+08
  1815.200      1.9592181E+08
  1816.400      1.9798782E+08
  1817.600      1.9922642E+08
  1818.800      1.9876498E+08
  1820.000      1.9906330E+08
  1821.000      1.9888285E+08
  1822.200      1.9881734E+08
  1823.400      1.9633053E+08
  1824.600      1.9786483E+08
  1825.800      1.9891037E+08
  1827.000      1.9995792E+08
  1828.200      1.9895755E+08
  1829.400      1.9894400E+08
  1830.600      2.0030598E+08
  1831.800      1.9847405E+08
  1832.800      1.9775275E+08
  1834.000      1.9583794E+08
  1835.200      1.9426858E+08
  1836.400      1.9162350E+08
  1837.600      1.9154146E+08
  1838.800      1.8884725E+08
  1840.000      1.8471834E+08
  1841.200      1.7953829E+08
  1842.400      1.7893610E+08
  1843.600      1.7762422E+08
  1844.600      1.7548762E+08
  1845.800      1.7567925E+08
  1847.000      1.7555237E+08
  1848.200      1.7396632E+08
  1849.400      1.7123254E+08
  1850.600      1.6950453E+08
  1851.800      1.6850362E+08
  1853.000      1.6840301E+08
  1854.200      1.6997640E+08
  1855.400      1.7323173E+08
  1856.400      1.7481493E+08
  1857.600      1.7411498E+08
  1858.800      1.7534317E+08
  1860.000      1.7454642E+08
  1861.200      1.7319712E+08
  1862.400      1.7349669E+08
  1863.600      1.7566034E+08
  1864.800      1.7822904E+08
  1866.000      1.8242469E+08
  1867.200      1.8435808E+08
  1868.200      1.8795818E+08
  1869.400      1.8952024E+08
  1870.600      1.9223546E+08
  1871.800      1.9624302E+08
  1873.000      1.9614867E+08
  1874.200      1.9640038E+08
  1875.400      1.9622794E+08
  1876.600      1.9262210E+08
  1877.800      1.9030008E+08
  1879.000      1.8458858E+08
  1880.000      1.7779787E+08
  1881.200      1.7614510E+08
  1882.400      1.7425421E+08
  1883.600      1.6981374E+08
  1884.800      1.6611995E+08
  1886.000      1.6255254E+08
  1887.200      1.6047738E+08
  1888.400      1.5933406E+08
  1889.600      1.5726822E+08
  1890.800      1.5731174E+08
  1891.800      1.5738050E+08
  1893.000      1.5824720E+08
  1894.200      1.6123787E+08
  1895.400      1.6671488E+08
  1896.600      1.7037326E+08
  1897.800      1.7106230E+08
  1899.000      1.7281910E+08
  1900.200      1.7380899E+08
  1901.400      1.7319712E+08
  1902.400      1.7238778E+08
  1903.600      1.7074030E+08
  1904.800      1.6958419E+08
  1906.000      1.6852509E+08
  1907.200      1.6851805E+08
  1908.400      1.6954808E+08
  1909.600      1.6886291E+08
  1910.800      1.6655571E+08
  1912.000      1.6364203E+08
  1913.200      1.6106094E+08
  1914.200      1.6056726E+08
  1915.400      1.6032662E+08
  1916.600      1.6187539E+08
  1917.800      1.6534114E+08
  1919.000      1.6472109E+08
  1920.200      1.6317053E+08
  1921.400      1.6394091E+08
  1922.600      1.6691856E+08
  1923.800      1.6710669E+08
  1925.000      1.6701094E+08
  1926.000      1.6383259E+08
  1927.200      1.5899261E+08
  1928.400      1.6173682E+08
  1929.600      1.6766723E+08
  1930.800      1.7177523E+08
  1932.000      1.7380824E+08
  1933.200      1.6948070E+08
  1934.400      1.6950675E+08
  1935.600      1.6776814E+08
  1936.800      1.6629149E+08
  1937.800      1.6720397E+08
  1939.000      1.6664899E+08
  1940.200      1.6939104E+08
  1941.400      1.7178843E+08
  1942.600      1.7365411E+08
  1943.800      1.7415819E+08
  1945.000      1.7333750E+08
  1946.200      1.7220352E+08
  1947.400      1.7114872E+08
  1948.600      1.7090235E+08
  1949.600      1.6799746E+08
  1950.800      1.6489045E+08
  1952.000      1.6348650E+08
  1953.200      1.6504586E+08
  1954.400      1.6623162E+08
  1955.600      1.6823704E+08
  1956.800      1.6882102E+08
  1958.000      1.6449336E+08
  1959.200      1.6637659E+08
  1960.400      1.6761165E+08
  1961.400      1.6675077E+08
  1962.600      1.7081493E+08
  1963.800      1.7414939E+08
  1965.000      1.7728014E+08
  1966.200      1.7980459E+08
  1967.400      1.8292811E+08
  1968.600      1.8618602E+08
  1969.800      1.8921792E+08
  1970.200      1.7664827E+08
  1972.000      1.8182040E+08
  1973.800      1.8641675E+08
  1975.800      1.8940707E+08
  1977.600      1.8405512E+08
  1979.400      1.8770739E+08
  1981.400      1.8887296E+08
  1983.200      1.8480678E+08
  1985.000      1.8441355E+08
  1987.000      1.8878256E+08
  1988.800      1.8461493E+08
  1990.600      1.7692546E+08
  1992.600      1.7779592E+08
  1994.400      1.7210296E+08
  1996.200      1.7911496E+08
  1998.200      1.7430472E+08
  2000.000      1.6720581E+08
  2001.800      1.7475773E+08
  2003.800      1.7742696E+08
  2005.600      1.7792208E+08
  2007.400      1.7744254E+08
  2009.400      1.8343939E+08
  2011.200      1.8864291E+08
  2013.200      1.8510774E+08
  2015.000      1.8487376E+08
  2016.800      1.8033366E+08
  2018.800      1.8607688E+08
  2020.600      1.8753022E+08
  2022.400      1.9440685E+08
  2024.400      1.9031470E+08
  2026.200      1.8781130E+08
  2028.000      1.8413030E+08
  2030.000      1.8373933E+08
  2031.800      1.8582045E+08
  2033.600      1.8368930E+08
  2035.600      1.7819656E+08
  2037.400      1.7345440E+08
  2039.200      1.7770147E+08
  2041.200      1.7772450E+08
  2043.000      1.7413869E+08
  2044.800      1.7046720E+08
  2046.800      1.7564954E+08
  2048.600      1.8352883E+08
  2050.400      1.8110990E+08
  2052.400      1.7901390E+08
  2054.200      1.8014843E+08
  2056.000      1.8002110E+08
  2058.000      1.7937002E+08
  2059.800      1.7827640E+08
  2061.800      1.7857418E+08
  2063.600      1.8298677E+08
  2065.400      1.8084920E+08
  2067.400      1.7998552E+08
  2069.200      1.7873973E+08
  2071.000      1.8100534E+08
  2073.000      1.7970000E+08
  2074.800      1.7789434E+08
  2076.600      1.7483219E+08
  2078.600      1.8437104E+08
  2080.400      1.8960891E+08
  2082.200      1.8911075E+08
  2084.200      1.7910395E+08
  2086.000      1.7397893E+08
  2087.800      1.8386243E+08
  2089.800      1.8286587E+08
  2091.600      1.8412344E+08
  2093.400      1.7891763E+08
  2095.400      1.7959427E+08
  2097.200      1.7482952E+08
  2099.000      1.7677595E+08
  2101.000      1.7824979E+08
  2102.800      1.7478651E+08
  2104.800      1.7714627E+08
  2106.600      1.7950557E+08
  2108.400      1.8310978E+08
  2110.400      1.8476499E+08
  2112.200      1.8711314E+08
  2114.000      1.8808864E+08
  2116.000      1.8761674E+08
  2117.800      1.7553541E+08
  2119.600      1.7365830E+08
  2121.600      1.7081906E+08
  2123.400      1.8082379E+08
  2125.200      1.8096678E+08
  2127.200      1.8806344E+08
  2129.000      1.8363686E+08
  2130.800      1.8855346E+08
  2132.800      1.9848320E+08
  2134.600      1.9269317E+08
  2136.400      1.9168662E+08
  2138.400      1.9017142E+08
  2140.200      1.8465710E+08
  2142.000      1.8031347E+08
  2144.000      1.8228973E+08
  2145.800      1.8234138E+08
  2147.600      1.8126667E+08
  2149.600      1.7837939E+08
  2151.400      1.7567810E+08
  2153.400      1.7861301E+08
  2155.200      1.8642206E+08
  2157.000      1.9289046E+08
  2159.000      1.8685814E+08
  2160.800      1.8057261E+08
  2162.600      1.7866243E+08
  2164.600      1.8379946E+08
  2166.400      1.8253006E+08
  2168.200      1.8470698E+08
  2170.200      1.8991518E+08
  2172.000      1.8619133E+08
  2173.800      1.8223851E+08
  2175.800      1.8296227E+08
  2177.600      1.9225277E+08
  2179.400      1.9205403E+08
  2181.400      1.8963930E+08
  2183.200      1.8948902E+08
  2185.000      1.8701619E+08
  2187.000      1.8170464E+08
  2188.800      1.8619664E+08
  2190.600      1.9100426E+08
  2192.600      1.8264514E+08
  2194.400      1.8095288E+08
  2196.200      1.8071621E+08
  2198.200      1.8169986E+08
  2200.000      1.8637173E+08
  2202.000      1.8256896E+08
  2203.800      1.7997802E+08
  2205.600      1.8041170E+08
  2207.600      1.8676010E+08
  2209.400      1.8766040E+08
  2211.200      1.8035901E+08
  2213.200      1.8090997E+08
  2215.000      1.8181202E+08
  2216.800      1.8201414E+08
  2218.800      1.7825918E+08
  2220.600      1.7558707E+08
  2222.400      1.7559864E+08
  2224.400      1.7840563E+08
  2226.200      1.7842994E+08
  2228.000      1.7756378E+08
  2230.000      1.7801547E+08
  2231.800      1.7573867E+08
  2233.600      1.7422437E+08
  2235.600      1.7642344E+08
  2237.400      1.7389184E+08
  2239.200      1.7066309E+08
  2241.200      1.7802642E+08
  2243.000      1.7903198E+08
  2245.000      1.7591125E+08
  2246.800      1.7166928E+08
  2248.600      1.7972486E+08
  2250.600      1.7596882E+08
  2252.400      1.8045845E+08
  2254.200      1.8143512E+08
  2256.200      1.8007803E+08
  2258.000      1.7768235E+08
  2259.800      1.8367115E+08
  2261.800      1.8587922E+08
  2263.600      1.7568272E+08
  2265.400      1.7511077E+08
  2267.400      1.7689982E+08
  2269.200      1.7970434E+08
  2271.000      1.8322482E+08
  2273.000      1.9028587E+08
  2274.800      1.8461818E+08
  2276.600      1.9328054E+08
  2278.600      1.8616598E+08
  2280.400      1.8613328E+08
  2282.200      1.9191912E+08
  2284.200      1.8209810E+08
  2286.000      1.8062179E+08
  2287.800      1.8141480E+08
  2289.800      1.8414163E+08
  2291.600      1.8387050E+08
  2293.600      1.7603683E+08
  2295.400      1.8045251E+08
  2297.200      1.8522322E+08
  2299.200      1.7860085E+08
  2301.000      1.7649822E+08
  2302.800      1.7121299E+08
  2304.800      1.7821613E+08
  2306.600      1.8567688E+08
  2308.400      1.8561083E+08
  2310.400      1.8608546E+08
  2312.200      1.8937256E+08
  2314.000      1.9215866E+08
  2316.000      1.9014886E+08
  2317.800      1.8402238E+08
  2319.600      1.8502646E+08
  2321.600      1.7558245E+08
  2323.400      1.7369301E+08
  2325.200      1.8582779E+08
  2327.200      1.7824782E+08
  2329.000      1.7844090E+08
  2330.800      1.7910042E+08
  2332.800      1.7050464E+08
  2334.600      1.8104589E+08
  2336.400      1.8684214E+08
  2338.400      1.7737165E+08
  2340.200      1.7552501E+08
  2342.200      1.7131642E+08
  2344.000      1.7989819E+08
  2345.800      1.7947166E+08
  2347.800      1.7946221E+08
  2349.600      1.8536970E+08
  2351.400      1.8989182E+08
  2353.400      1.8354093E+08
  2355.200      1.8304947E+08
  2357.000      1.8563814E+08
  2359.000      1.9310533E+08
  2360.800      1.9071173E+08
  2362.600      1.7917790E+08
  2364.600      1.8177370E+08
  2366.400      1.8073725E+08
  2368.200      1.8533226E+08
  2370.200      1.8653467E+08
  2372.000      1.8701085E+08
  2373.800      1.7548685E+08
  2375.800      1.7893610E+08
  2377.600      1.8053336E+08
  2379.400      1.7979197E+08
  2381.400      1.7819109E+08
  2383.200      1.7449736E+08
  2385.200      1.7472512E+08
  2387.000      1.7352222E+08
  2388.800      1.7706966E+08
  2390.800      1.8439654E+08
  2392.600      1.7741528E+08
  2394.400      1.8400096E+08
  2396.400      1.8158219E+08
  2398.200      1.8278677E+08
  2400.000      1.7927237E+08
  2402.000      1.8211250E+08
  2403.800      1.7806669E+08
  2405.600      1.8173218E+08
  2407.600      1.7435258E+08
  2409.400      1.7420410E+08
  2411.200      1.7816682E+08
  2413.200      1.8714600E+08
  2415.000      1.7386931E+08
  2416.800      1.7941886E+08
  2418.800      1.7937042E+08
  2420.600      1.8024062E+08
  2422.400      1.7531699E+08
  2424.400      1.7932709E+08
  2426.200      1.7851654E+08
  2428.000      1.8247957E+08
  2430.000      1.8342206E+08
  2431.800      2.0040453E+08
  2433.800      1.8943994E+08
  2435.600      1.8418894E+08
  2437.400      1.8448403E+08
  2439.400      1.8441234E+08
  2441.200      1.8475282E+08
  2443.000      1.8620891E+08
  2445.000      1.8385838E+08
  2446.800      1.8537336E+08
  2448.600      1.8685814E+08
  2450.600      1.8985430E+08
  2452.400      1.9101642E+08
  2454.200      1.9059659E+08
  2456.200      1.8997525E+08
  2458.000      1.8912446E+08
  2459.800      1.9044013E+08
  2461.800      1.8405915E+08
  2463.600      1.8096083E+08
  2465.400      1.8266238E+08
  2467.400      1.8252966E+08
  2469.200      1.8052899E+08
  2471.000      1.7732296E+08
  2473.000      1.7056680E+08
  2474.800      1.7389795E+08
  2476.600      1.7522731E+08
  2478.600      1.8114491E+08
  2480.400      1.7772450E+08
  2482.400      1.8323970E+08
  2484.200      1.8351755E+08
  2486.000      1.8293494E+08
  2488.000      1.8089250E+08
  2489.800      1.7987766E+08
  2491.600      1.8032733E+08
  2493.600      1.7912322E+08
  2495.400      1.8011798E+08
  2497.200      1.8235179E+08
  2499.200      1.8861061E+08
  2501.000      1.9051626E+08
  2502.800      1.8849715E+08
  2504.800      1.8202733E+08
  2506.600      1.8400258E+08
  2508.400      1.8389514E+08
  2510.400      1.8429656E+08
  2512.200      1.7795411E+08
  2514.000      1.7599238E+08
  2516.000      1.7840877E+08
  2517.800      1.7485677E+08
  2519.600      1.7902845E+08
  2521.600      1.7983421E+08
  2523.400      1.7916846E+08
  2525.400      1.7524462E+08
  2527.200      1.7458130E+08
  2529.000      1.8042794E+08
  2531.000      1.7785528E+08
  2532.800      1.6802918E+08
  2534.600      1.7366974E+08
  2536.600      1.7558822E+08
  2538.400      1.8024814E+08
  2540.200      1.7788341E+08
  2542.200      1.7548917E+08
  2544.000      1.7234462E+08
  2545.800      1.6801590E+08
  2547.800      1.7204251E+08
  2549.600      1.7559555E+08
  2551.400      1.7493704E+08
  2553.400      1.6897086E+08
  2555.200      1.7284453E+08
  2557.000      1.7160445E+08
  2559.000      1.6960096E+08
  2560.800      1.7472819E+08
  2562.600      1.8348853E+08
  2564.600      1.7953592E+08
  2566.400      1.7426224E+08
  2568.200      1.7586530E+08
  2570.200      1.7912440E+08
  2572.000      1.7734438E+08
  2574.000      1.7861850E+08
  2575.800      1.8314435E+08
  2577.600      1.8276750E+08
  2579.600      1.7716378E+08
  2581.400      1.7615285E+08
  2583.200      1.7756923E+08
  2585.200      1.7655754E+08
  2587.000      1.7482530E+08
  2588.800      1.7366288E+08
  2590.800      1.7069344E+08
  2592.600      1.6813659E+08
  2594.400      1.7192542E+08
  2596.400      1.7623952E+08
  2598.200      1.7892941E+08
  2600.000      1.7699930E+08
  2602.000      1.7625150E+08
  2603.800      1.7772371E+08
  2605.600      1.7759458E+08
  2607.600      1.7999342E+08
  2609.400      1.8034555E+08
  2611.200      1.7730544E+08
  2613.200      1.7977776E+08
  2615.000      1.7842170E+08
  2616.800      1.8394198E+08
  2618.800      1.8090203E+08
  2620.600      1.7550690E+08
  2622.600      1.7681128E+08
  2624.400      1.7915509E+08
  2626.200      1.7895378E+08
  2628.200      1.7781701E+08
  2630.000      1.7446019E+08
  2631.800      1.7179373E+08
  2633.800      1.7684312E+08
  2635.600      1.7597229E+08
  2637.400      1.7728715E+08
  2639.400      1.7750256E+08
  2641.200      1.7637502E+08
  2643.000      1.7344565E+08
  2645.000      1.7378838E+08
  2646.800      1.7295653E+08
  2648.600      1.7329830E+08
  2650.600      1.7660134E+08
  2652.400      1.7617026E+08
  2654.200      1.8209130E+08
  2656.200      1.7970237E+08
  2658.000      1.7742696E+08
  2659.800      1.7901627E+08
  2661.800      1.7766440E+08
  2663.600      1.8001517E+08
  2665.600      1.7752205E+08
  2667.400      1.7826349E+08
  2669.200      1.8051474E+08
  2671.200      1.7983302E+08
  2673.000      1.7893138E+08
  2674.800      1.7795802E+08
  2676.800      1.7263666E+08
  2678.600      1.7958600E+08
  2680.400      1.8462182E+08
  2682.400      1.8149530E+08
  2684.200      1.7783731E+08
  2686.000      1.7671386E+08
  2688.000      1.7492437E+08
  2689.800      1.7924245E+08
  2691.600      1.8254891E+08
  2693.600      1.7541904E+08
  2695.400      1.7148354E+08
  2697.200      1.6562312E+08
  2699.200      1.6463250E+08
  2701.000      1.6794029E+08
  2702.800      1.7140974E+08
  2704.800      1.7250062E+08
  2706.600      1.7388955E+08
  2708.400      1.7598118E+08
  2710.400      1.7303365E+08
  2712.200      1.7312296E+08
  2714.200      1.7483949E+08
  2716.000      1.7338357E+08
  2717.800      1.6906438E+08
  2719.800      1.7076618E+08
  2721.600      1.6924045E+08
  2723.400      1.7162856E+08
  2725.400      1.6539379E+08
  2727.200      1.6375490E+08
  2729.000      1.7176731E+08
  2731.000      1.7472090E+08
  2732.800      1.7386893E+08
  2734.600      1.7918853E+08
  2736.600      1.8364898E+08
  2738.400      1.8201734E+08
  2740.200      1.7903554E+08
  2742.200      1.7204174E+08
  2744.000      1.7005704E+08
  2745.800      1.6961883E+08
  2747.800      1.7173752E+08
  2749.600      1.6962739E+08
  2751.400      1.7508923E+08
  2753.400      1.7827837E+08
  2755.200      1.7431392E+08
  2757.000      1.7374451E+08
  2759.000      1.7200813E+08
  2760.800      1.7519730E+08
  2762.800      1.7133259E+08
  2764.600      1.7101685E+08
  2766.400      1.6729982E+08
  2768.400      1.7318229E+08
  2770.200      1.7337824E+08
  2772.000      1.7338434E+08
  2774.000      1.7448549E+08
  2775.800      1.7446211E+08
  2777.600      1.7180504E+08
  2779.600      1.7156640E+08
  2781.400      1.7243774E+08
  2783.200      1.7215891E+08
  2785.200      1.7196243E+08
  2787.000      1.6999320E+08
  2788.800      1.7099883E+08
  2790.800      1.7189749E+08
  2792.600      1.7110813E+08
  2794.400      1.6921445E+08
  2796.400      1.7018706E+08
  2798.200      1.6897346E+08
  2800.000      1.6703810E+08
  2802.000      1.6372901E+08
  2803.800      1.7075942E+08
  2805.800      1.7188882E+08
  2807.600      1.6516550E+08
  2809.400      1.6727374E+08
  2811.400      1.7250024E+08
  2813.200      1.7516614E+08
  2815.000      1.7304810E+08
  2817.000      1.8046598E+08
  2818.800      1.7674256E+08
  2820.600      1.7401064E+08
  2822.600      1.7266206E+08
  2824.400      1.6789346E+08
  2826.200      1.7156488E+08
  2828.200      1.7464418E+08
  2830.000      1.6998014E+08
  2831.800      1.6284194E+08
  2833.800      1.6226046E+08
  2835.600      1.6629915E+08
  2837.400      1.6351702E+08
  2839.400      1.6337883E+08
  2841.200      1.6635650E+08
  2843.000      1.6795429E+08
  2845.000      1.6783558E+08
  2846.800      1.6625606E+08
  2848.600      1.6956037E+08
  2850.600      1.7407485E+08
  2852.400      1.7713382E+08
  2854.400      1.6914869E+08
  2856.200      1.6919104E+08
  2858.000      1.7407675E+08
  2860.000      1.7272957E+08
  2861.800      1.7678875E+08
  2863.600      1.7222659E+08
  2865.600      1.7298426E+08
  2867.400      1.7682293E+08
  2869.200      1.7486291E+08
  2871.200      1.6933822E+08
  2873.000      1.6079979E+08
  2874.800      1.6081250E+08
  2876.800      1.6269288E+08
  2878.600      1.6651475E+08
  2880.400      1.6792554E+08
  2882.400      1.6690755E+08
  2884.200      1.6207173E+08
  2886.000      1.6267109E+08
  2888.000      1.7143685E+08
  2889.800      1.6720800E+08
  2891.600      1.7030219E+08
  2893.600      1.7435373E+08
  2895.400      1.7103789E+08
  2897.200      1.7065821E+08
  2899.200      1.6823334E+08
  2901.000      1.6569843E+08
  2903.000      1.6629659E+08
  2904.800      1.6305984E+08
  2906.600      1.6517893E+08
  2908.600      1.6701974E+08
  2910.400      1.6948741E+08
  2912.200      1.7058627E+08
  2914.200      1.7052973E+08
  2916.000      1.7103187E+08
  2917.800      1.7090235E+08
  2919.800      1.7253472E+08
  2921.600      1.6996410E+08
  2923.400      1.6541523E+08
  2925.400      1.6371643E+08
  2927.200      1.6432621E+08
  2929.000      1.6580435E+08
  2931.000      1.6252578E+08
  2932.800      1.6185584E+08
  2934.600      1.6359819E+08
  2936.600      1.6296642E+08
  2938.400      1.6871429E+08
  2940.200      1.7042078E+08
  2942.200      1.7040544E+08
  2944.000      1.6314437E+08
  2946.000      1.6296856E+08
  2947.800      1.5826389E+08
  2949.600      1.5812493E+08
  2951.600      1.5799096E+08
  2953.400      1.6693174E+08
  2955.200      1.6888406E+08
  2957.200      1.7369797E+08
  2959.000      1.7329222E+08
  2960.800      1.7356947E+08
  2962.800      1.6352744E+08
  2964.600      1.6158098E+08
  2966.400      1.6103902E+08
  2968.400      1.7017733E+08
  2970.200      1.7088846E+08
  2972.000      1.6629587E+08
  2974.000      1.6424323E+08
  2975.800      1.6489806E+08
  2977.600      1.6186864E+08
  2979.600      1.6438829E+08
  2981.400      1.6658680E+08
  2983.200      1.6471782E+08
  2985.200      1.6395315E+08
  2987.000      1.5982992E+08
  2988.800      1.6194722E+08
  2990.800      1.6120885E+08
  2992.600      1.5797083E+08
  2994.600      1.5821629E+08
  2996.400      1.5862922E+08
  2998.200      1.6260752E+08
  3000.200      1.6533061E+08
  3002.000      1.6200626E+08
  3003.800      1.5915538E+08
  3005.800      1.6071118E+08
  3007.600      1.6543992E+08
  3009.400      1.6475726E+08
  3011.400      1.6796757E+08
  3013.200      1.6029142E+08
  3015.000      1.6240733E+08
  3017.000      1.6458370E+08
  3018.800      1.6630938E+08
  3020.600      1.6492485E+08
  3022.600      1.6357555E+08
  3024.400      1.6148557E+08
  3026.200      1.6653230E+08
  3028.200      1.6918286E+08
  3030.000      1.6478005E+08
  3031.800      1.7077706E+08
  3033.800      1.6361400E+08
  3035.600      1.5997776E+08
  3037.400      1.6489987E+08
  3039.400      1.6731856E+08
  3041.200      1.6391931E+08
  3043.200      1.6477101E+08
  3045.000      1.6530157E+08
  3046.800      1.5937291E+08
  3048.800      1.6342800E+08
  3050.600      1.6732958E+08
  3052.400      1.7301693E+08
  3054.400      1.6374483E+08
  3056.200      1.6176453E+08
  3058.000      1.6199096E+08
  3060.000      1.6605904E+08
  3061.800      1.6312682E+08
  3063.600      1.6120672E+08
  3065.600      1.6437421E+08
  3067.400      1.6078142E+08
  3069.200      1.6204824E+08
  3071.200      1.6234920E+08
  3073.000      1.6108146E+08
  3074.800      1.6063922E+08
  3076.800      1.6101074E+08
  3078.600      1.6472290E+08
  3080.400      1.6609186E+08
  3082.400      1.6741227E+08
  3084.200      1.6681010E+08
  3086.200      1.6275827E+08
  3088.000      1.6187610E+08
  3089.800      1.6359387E+08
  3091.800      1.6026960E+08
  3093.600      1.5532803E+08
  3095.400      1.6080720E+08
  3097.400      1.5580184E+08
  3099.200      1.6178832E+08
  3101.000      1.5955640E+08
  3103.000      1.6563694E+08
  3104.800      1.6491000E+08
  3106.600      1.5847672E+08
  3108.600      1.6214470E+08
  3110.400      1.5921515E+08
  3112.200      1.5919627E+08
  3114.200      1.5531438E+08
  3116.000      1.6650963E+08
  3117.800      1.6514483E+08
  3119.800      1.5520530E+08
  3121.600      1.5681509E+08
  3123.400      1.7347688E+08
  3125.400      1.6388368E+08
  3127.200      1.6550824E+08
  3129.000      1.6601638E+08
  3131.000      1.6753694E+08
  3132.800      1.6660693E+08
  3134.800      1.6408389E+08
  3136.600      1.7074405E+08
  3138.400      1.6474243E+08
  3140.400      1.6820602E+08
  3142.200      1.7498776E+08
  3144.000      1.5886661E+08
  3146.000      1.5882336E+08
  3147.800      1.6440850E+08
  3149.600      1.6686614E+08
  3151.600      1.6503318E+08
  3153.400      1.7365869E+08
  3155.200      1.6782083E+08
  3157.200      1.6081144E+08
  3159.000      1.6070978E+08
  3160.800      1.6725501E+08
  3162.800      1.6466286E+08
  3164.600      1.5578029E+08
  3166.400      1.7331581E+08
  3168.400      1.6610792E+08
  3170.200      1.5353446E+08
  3172.000      1.5881186E+08
  3174.000      1.6333435E+08
  3175.800      1.5455773E+08
  3177.600      1.6532226E+08
  3179.600      1.5882197E+08
  3181.400      1.4998944E+08
  3183.400      1.6961659E+08
  3185.200      1.7340680E+08
  3187.000      1.5876827E+08
  3189.000      1.7331658E+08
  3190.800      1.7159051E+08
  3192.600      1.6871355E+08
  3194.600      1.7624146E+08
  3196.400      1.7665448E+08
  3198.200      1.6587317E+08
  3205.297      1.6047386E+08
  3210.647      1.6053130E+08
  3216.006      1.6034880E+08
  3221.375      1.6008634E+08
  3226.752      1.5982256E+08
  3232.138      1.5955675E+08
  3237.533      1.5929909E+08
  3242.937      1.5911344E+08
  3248.350      1.5892837E+08
  3253.772      1.5874107E+08
  3259.204      1.5855294E+08
  3264.644      1.5833862E+08
  3270.093      1.5809682E+08
  3275.552      1.5785259E+08
  3281.020      1.5760634E+08
  3286.496      1.5736184E+08
  3291.982      1.5720296E+08
  3297.477      1.5705184E+08
  3302.981      1.5690085E+08
  3308.495      1.5674933E+08
  3314.017      1.5656597E+08
  3319.549      1.5633064E+08
  3325.090      1.5609533E+08
  3330.640      1.5585728E+08
  3336.200      1.5561960E+08
  3341.769      1.5536829E+08
  3347.347      1.5511534E+08
  3352.934      1.5486179E+08
  3358.531      1.5460661E+08
  3364.137      1.5439661E+08
  3369.752      1.5425901E+08
  3375.377      1.5412222E+08
  3381.011      1.5398454E+08
  3386.655      1.5384494E+08
  3392.308      1.5362552E+08
  3397.971      1.5340168E+08
  3403.643      1.5317683E+08
  3409.324      1.5295062E+08
  3415.015      1.5296438E+08
  3420.715      1.5319163E+08
  3426.425      1.5342054E+08
  3432.145      1.5364981E+08
  3437.874      1.5382029E+08
  3443.612      1.5366365E+08
  3449.360      1.5350682E+08
  3455.118      1.5334914E+08
  3460.885      1.5319163E+08
  3466.662      1.5299026E+08
  3472.449      1.5277808E+08
  3478.245      1.5256419E+08
  3484.051      1.5235026E+08
  3489.867      1.5212962E+08
  3495.692      1.5190062E+08
  3501.527      1.5167298E+08
  3507.372      1.5144267E+08
  3513.226      1.5121603E+08
  3519.091      1.5099970E+08
  3524.965      1.5078200E+08
  3530.849      1.5056462E+08
  3536.742      1.5034656E+08
  3542.646      1.4995419E+08
  3548.559      1.4955301E+08
  3554.483      1.4915027E+08
  3560.416      1.4874632E+08
  3566.359      1.4841973E+08
  3572.312      1.4812083E+08
  3578.275      1.4782125E+08
  3584.248      1.4751902E+08
  3590.231      1.4729632E+08
  3596.224      1.4713824E+08
  3602.226      1.4698098E+08
  3608.239      1.4682226E+08
  3614.262      1.4661864E+08
  3620.295      1.4634170E+08
  3626.338      1.4606462E+08
  3632.391      1.4578552E+08
  3638.455      1.4575544E+08
  3644.528      1.4609061E+08
  3650.611      1.4642688E+08
  3656.705      1.4676262E+08
  3662.809      1.4696517E+08
  3668.923      1.4684387E+08
  3675.047      1.4672331E+08
  3681.182      1.4660158E+08
  3687.326      1.4640115E+08
  3693.481      1.4478854E+08
  3699.646      1.4317072E+08
  3705.822      1.4159742E+08
  3712.008      1.3997499E+08
  3718.204      1.4172931E+08
  3724.410      1.4348736E+08
  3730.627      1.4524837E+08
  3736.854      1.4701325E+08
  3743.092      1.4554179E+08
  3749.340      1.4398984E+08
  3755.598      1.4243381E+08
  3761.867      1.4087571E+08
  3768.146      1.4464173E+08
  3774.437      1.4853058E+08
  3780.737      1.5242622E+08
  3787.048      1.5632549E+08
  3793.369      1.5983344E+08
  3799.701      1.6334870E+08
  3806.043      1.6686981E+08
  3812.396      1.6986410E+08
  3818.760      1.6483144E+08
  3825.135      1.5978642E+08
  3831.520      1.5473160E+08
  3837.915      1.5184226E+08
  3844.321      1.6201338E+08
  3850.738      1.7220125E+08
  3857.166      1.8240666E+08
  3863.604      1.8731086E+08
  3870.054      1.7616832E+08
  3876.514      1.6500056E+08
  3882.984      1.5380678E+08
  3889.466      1.5096123E+08
  3895.958      1.6176986E+08
  3902.461      1.7259800E+08
  3908.975      1.8344462E+08
  3915.500      1.8864456E+08
  3922.036      1.8894845E+08
  3928.583      1.8925200E+08
  3935.140      1.8955645E+08
  3941.709      1.8255453E+08
  3948.289      1.7264614E+08
  3954.879      1.6271789E+08
  3961.481      1.5276432E+08
  3968.093      1.5771123E+08
  3974.717      1.6394091E+08
  3981.352      1.7018331E+08
  3987.997      1.7594757E+08
  3994.654      1.7894355E+08
  4005.000      1.5631794E+08
  4010.000      1.5837027E+08
  4015.000      1.6364706E+08
  4020.000      1.6960058E+08
  4025.000      1.7148579E+08
  4030.000      1.7187635E+08
  4035.000      1.7396134E+08
  4040.000      1.7826584E+08
  4045.000      1.7984251E+08
  4050.000      1.8178206E+08
  4055.000      1.8476093E+08
  4060.000      1.8826054E+08
  4065.000      1.8870547E+08
  4070.000      1.8870962E+08
  4075.000      1.8641594E+08
  4080.000      1.8221690E+08
  4085.000      1.7974736E+08
  4090.000      1.8062179E+08
  4095.000      1.7590931E+08
  4100.000      1.6890891E+08
  4105.000      1.6193014E+08
  4110.000      1.6210768E+08
  4115.000      1.6936648E+08
  4120.000      1.7465454E+08
  4125.000      1.7798968E+08
  4130.000      1.7814179E+08
  4135.000      1.8080949E+08
  4140.000      1.8160533E+08
  4145.000      1.7990096E+08
  4150.000      1.7823570E+08
  4155.000      1.7800688E+08
  4160.000      1.8232496E+08
  4165.000      1.8321314E+08
  4170.000      1.8363646E+08
  4175.000      1.8314998E+08
  4180.000      1.8447674E+08
  4185.000      1.8492166E+08
  4190.000      1.8567157E+08
  4195.000      1.8511181E+08
  4200.000      1.8426136E+08
  4205.000      1.8289920E+08
  4210.000      1.8516059E+08
  4215.000      1.8584739E+08
  4220.000      1.8647283E+08
  4225.000      1.8674821E+08
  4230.000      1.8742978E+08
  4235.000      1.8589350E+08
  4240.000      1.8445690E+08
  4245.000      1.8454886E+08
  4250.000      1.8350667E+08
  4255.000      1.8613083E+08
  4260.000      1.8534202E+08
  4265.000      1.8529685E+08
  4270.000      1.8300245E+08
  4275.000      1.8286947E+08
  4280.000      1.8484128E+08
  4285.000      1.8452414E+08
  4290.000      1.8481328E+08
  4295.000      1.8542955E+08
  4300.000      1.8474510E+08
  4305.000      1.8224931E+08
  4310.000      1.8093341E+08
  4315.000      1.8152240E+08
  4320.000      1.7835042E+08
  4325.000      1.7420638E+08
  4330.000      1.7022555E+08
  4335.000      1.6053483E+08
  4340.000      1.4638509E+08
  4345.000      1.4414962E+08
  4350.000      1.5648382E+08
  4355.000      1.6728770E+08
  4360.000      1.7270074E+08
  4365.000      1.7653854E+08
  4370.000      1.7664906E+08
  4375.000      1.7612578E+08
  4380.000      1.7592826E+08
  4385.000      1.7172282E+08
  4390.000      1.6630683E+08
  4395.000      1.7094965E+08
  4400.000      1.7461850E+08
  4405.000      1.7551190E+08
  4410.000      1.7536781E+08
  4415.000      1.7350698E+08
  4420.000      1.7315528E+08
  4425.000      1.7509885E+08
  4430.000      1.7372581E+08
  4435.000      1.7101347E+08
  4440.000      1.7055219E+08
  4445.000      1.7147525E+08
  4450.000      1.7106005E+08
  4455.000      1.7060800E+08
  4460.000      1.6961398E+08
  4465.000      1.6468347E+08
  4470.000      1.5777219E+08
  4475.000      1.5688259E+08
  4480.000      1.6127435E+08
  4485.000      1.6599414E+08
  4490.000      1.6881213E+08
  4495.000      1.6940778E+08
  4500.000      1.6892819E+08
  4505.000      1.6825146E+08
  4510.000      1.6874763E+08
  4515.000      1.6896493E+08
  4520.000      1.6831131E+08
  4525.000      1.6642738E+08
  4530.000      1.6442402E+08
  4535.000      1.6627981E+08
  4540.000      1.6711219E+08
  4545.000      1.6672403E+08
  4550.000      1.6596571E+08
  4555.000      1.6591798E+08
  4560.000      1.6690133E+08
  4565.000      1.6739683E+08
  4570.000      1.6753253E+08
  4575.000      1.6514846E+08
  4580.000      1.6487814E+08
  4585.000      1.6620898E+08
  4590.000      1.6585278E+08
  4595.000      1.6600581E+08
  4600.000      1.6278294E+08
  4605.000      1.6177554E+08
  4610.000      1.6292277E+08
  4615.000      1.6262466E+08
  4620.000      1.6305590E+08
  4625.000      1.6408534E+08
  4630.000      1.6291310E+08
  4635.000      1.6240661E+08
  4640.000      1.6240019E+08
  4645.000      1.6201443E+08
  4650.000      1.6107616E+08
  4655.000      1.6304624E+08
  4660.000      1.6353102E+08
  4665.000      1.6368587E+08
  4670.000      1.6415706E+08
  4675.000      1.6310891E+08
  4680.000      1.6368155E+08
  4685.000      1.6403886E+08
  4690.000      1.6368299E+08
  4695.000      1.6162144E+08
  4700.000      1.6020731E+08
  4705.000      1.5972677E+08
  4710.000      1.5847115E+08
  4715.000      1.5813118E+08
  4720.000      1.5910018E+08
  4725.000      1.5835845E+08
  4730.000      1.5953538E+08
  4735.000      1.5978325E+08
  4740.000      1.6007194E+08
  4745.000      1.5818432E+08
  4750.000      1.5799720E+08
  4755.000      1.5817147E+08
  4760.000      1.5787166E+08
  4765.000      1.5616835E+08
  4770.000      1.5490941E+08
  4775.000      1.5438371E+08
  4780.000      1.5523085E+08
  4785.000      1.5629838E+08
  4790.000      1.5592712E+08
  4795.000      1.5479618E+08
  4800.000      1.5483731E+08
  4805.000      1.5293248E+08
  4810.000      1.5189296E+08
  4815.000      1.5228638E+08
  4820.000      1.5269222E+08
  4825.000      1.5309510E+08
  4830.000      1.5188694E+08
  4835.000      1.4993050E+08
  4840.000      1.4932757E+08
  4845.000      1.4723811E+08
  4850.000      1.3933283E+08
  4855.000      1.2790565E+08
  4860.000      1.1583376E+08
  4865.000      1.1744195E+08
  4870.000      1.3075977E+08
  4875.000      1.4103141E+08
  4880.000      1.4638219E+08
  4885.000      1.4960326E+08
  4890.000      1.4861410E+08
  4895.000      1.4775634E+08
  4900.000      1.4898562E+08
  4905.000      1.5013509E+08
  4910.000      1.4920760E+08
  4915.000      1.4488618E+08
  4920.000      1.3991477E+08
  4925.000      1.4044669E+08
  4930.000      1.4596715E+08
  4935.000      1.4888162E+08
  4940.000      1.4856286E+08
  4945.000      1.4919122E+08
  4950.000      1.5021885E+08
  4955.000      1.4977058E+08
  4960.000      1.4897482E+08
  4965.000      1.4839333E+08
  4970.000      1.4820869E+08
  4975.000      1.4871824E+08
  4980.000      1.4832067E+08
  4985.000      1.4707686E+08
  4990.000      1.4746786E+08
  4995.000      1.4706685E+08
  5000.000      1.4614901E+08
  5005.000      1.4464838E+08
  5010.000      1.4167206E+08
  5015.000      1.3974680E+08
  5020.000      1.4191805E+08
  5025.000      1.4476819E+08
  5030.000      1.4372797E+08
  5035.000      1.4338216E+08
  5040.000      1.4371787E+08
  5045.000      1.4262379E+08
  5050.000      1.4265136E+08
  5055.000      1.4392504E+08
  5060.000      1.4482638E+08
  5065.000      1.4418190E+08
  5070.000      1.4393832E+08
  5075.000      1.4482923E+08
  5080.000      1.4462742E+08
  5085.000      1.4445794E+08
  5090.000      1.4470336E+08
  5095.000      1.4366360E+08
  5100.000      1.4277138E+08
  5105.000      1.4277262E+08
  5110.000      1.4235376E+08
  5115.000      1.4234376E+08
  5120.000      1.4205680E+08
  5125.000      1.4134579E+08
  5130.000      1.4154706E+08
  5135.000      1.4114418E+08
  5140.000      1.4074770E+08
  5145.000      1.4013614E+08
  5150.000      1.4061702E+08
  5155.000      1.4107261E+08
  5160.000      1.4001496E+08
  5165.000      1.4095555E+08
  5170.000      1.4212699E+08
  5175.000      1.4113054E+08
  5180.000      1.4072546E+08
  5185.000      1.4085376E+08
  5190.000      1.4126946E+08
  5195.000      1.4000296E+08
  5200.000      1.3951285E+08
  5205.000      1.3916037E+08
  5210.000      1.3839334E+08
  5215.000      1.3830888E+08
  5220.000      1.3820930E+08
  5225.000      1.3832832E+08
  5230.000      1.3802611E+08
  5235.000      1.3697446E+08
  5240.000      1.3630445E+08
  5245.000      1.3657381E+08
  5250.000      1.3687133E+08
  5255.000      1.3687373E+08
  5260.000      1.3677338E+08
  5265.000      1.3612019E+08
  5270.000      1.3574261E+08
  5275.000      1.3582341E+08
  5280.000      1.3498522E+08
  5285.000      1.3438189E+08
  5290.000      1.3461285E+08
  5295.000      1.3438454E+08
  5300.000      1.3466666E+08
  5305.000      1.3485013E+08
  5310.000      1.3564666E+08
  5315.000      1.3477789E+08
  5320.000      1.3346522E+08
  5325.000      1.3363532E+08
  5330.000      1.3441848E+08
  5335.000      1.3373337E+08
  5340.000      1.3237244E+08
  5345.000      1.3188470E+08
  5350.000      1.3239976E+08
  5355.000      1.3256530E+08
  5360.000      1.3285176E+08
  5365.000      1.3252193E+08
  5370.000      1.3168416E+08
  5375.000      1.3185256E+08
  5380.000      1.3131339E+08
  5385.000      1.3157201E+08
  5390.000      1.3188499E+08
  5395.000      1.3010988E+08
  5400.000      1.2997538E+08
  5405.000      1.3017218E+08
  5410.000      1.3028113E+08
  5415.000      1.3017418E+08
  5420.000      1.2888654E+08
  5425.000      1.2881948E+08
  5430.000      1.2816459E+08
  5435.000      1.2893919E+08
  5440.000      1.2947828E+08
  5445.000      1.2902246E+08
  5450.000      1.2831553E+08
  5455.000      1.2734206E+08
  5460.000      1.2755560E+08
  5465.000      1.2807878E+08
  5470.000      1.2741758E+08
  5475.000      1.2694366E+08
  5480.000      1.2668412E+08
  5485.000      1.2676454E+08
  5490.000      1.2674310E+08
  5495.000      1.2605558E+08
  5500.000      1.2632050E+08
  5505.000      1.2662626E+08
  5510.000      1.2574429E+08
  5515.000      1.2605890E+08
  5520.000      1.2639486E+08
  5525.000      1.2540401E+08
  5530.000      1.2486378E+08
  5535.000      1.2536161E+08
  5540.000      1.2645010E+08
  5545.000      1.2590233E+08
  5550.000      1.2498586E+08
  5555.000      1.2504104E+08
  5560.000      1.2496610E+08
  5565.000      1.2449199E+08
  5570.000      1.2412975E+08
  5575.000      1.2409759E+08
  5580.000      1.2362270E+08
  5585.000      1.2419928E+08
  5590.000      1.2460960E+08
  5595.000      1.2465475E+08
  5600.000      1.2412266E+08
  5605.000      1.2424974E+08
  5610.000      1.2372400E+08
  5615.000      1.2387080E+08
  5620.000      1.2382756E+08
  5625.000      1.2382049E+08
  5630.000      1.2336725E+08
  5635.000      1.2233860E+08
  5640.000      1.2152945E+08
  5645.000      1.2175542E+08
  5650.000      1.2269211E+08
  5655.000      1.2246520E+08
  5660.000      1.2129989E+08
  5665.000      1.2110666E+08
  5670.000      1.2150863E+08
  5675.000      1.2128124E+08
  5680.000      1.2085295E+08
  5685.000      1.2029323E+08
  5690.000      1.2053200E+08
  5695.000      1.2087392E+08
  5700.000      1.2044522E+08
  5705.000      1.2045527E+08
  5710.000      1.2081368E+08
  5715.000      1.1997114E+08
  5720.000      1.1885174E+08
  5725.000      1.1928420E+08
  5730.000      1.2057462E+08
  5735.000      1.2073518E+08
  5740.000      1.1932611E+08
  5745.000      1.1859572E+08
  5750.000      1.1939950E+08
  5755.000      1.1995638E+08
  5760.000      1.1876094E+08
  5765.000      1.1880059E+08
  5770.000      1.1890107E+08
  5775.000      1.1843827E+08
  5780.000      1.1848093E+08
  5785.000      1.1894364E+08
  5790.000      1.1910987E+08
  5795.000      1.1819846E+08
  5800.000      1.1746826E+08
  5805.000      1.1808820E+08
  5810.000      1.1856812E+08
  5815.000      1.1871037E+08
  5820.000      1.1856890E+08
  5825.000      1.1895435E+08
  5830.000      1.1814708E+08
  5835.000      1.1841798E+08
  5840.000      1.1831843E+08
  5845.000      1.1827583E+08
  5850.000      1.1726517E+08
  5855.000      1.1743138E+08
  5860.000      1.1686235E+08
  5865.000      1.1489315E+08
  5870.000      1.1270342E+08
  5875.000      1.1073109E+08
  5880.000      1.1179290E+08
  5885.000      1.1460665E+08
  5890.000      1.1594446E+08
  5895.000      1.1583350E+08
  5900.000      1.1597756E+08
  5905.000      1.1595235E+08
  5910.000      1.1589813E+08
  5915.000      1.1585996E+08
  5920.000      1.1576306E+08
  5925.000      1.1543003E+08
  5930.000      1.1559566E+08
  5935.000      1.1581442E+08
  5940.000      1.1497089E+08
  5945.000      1.1446731E+08
  5950.000      1.1482556E+08
  5955.000      1.1428924E+08
  5960.000      1.1421999E+08
  5965.000      1.1417385E+08
  5970.000      1.1367976E+08
  5975.000      1.1385814E+08
  5980.000      1.1373794E+08
  5985.000      1.1344310E+08
  5990.000      1.1270862E+08
  5995.000      1.1259631E+08
  6000.000      1.1315748E+08
  6005.000      1.1302065E+08
  6010.000      1.1311227E+08
  6015.000      1.1316767E+08
  6020.000      1.1227682E+08
  6025.000      1.1308867E+08
  6030.000      1.1220633E+08
  6035.000      1.1144852E+08
  6040.000      1.1163320E+08
  6045.000      1.1134138E+08
  6050.000      1.1121969E+08
  6055.000      1.1117696E+08
  6060.000      1.1112717E+08
  6065.000      1.1106447E+08
  6070.000      1.1106276E+08
  6075.000      1.1138149E+08
  6080.000      1.1109545E+08
  6085.000      1.0975501E+08
  6090.000      1.0881883E+08
  6095.000      1.0864358E+08
  6100.000      1.0935086E+08
  6105.000      1.0939913E+08
  6110.000      1.0962229E+08
  6115.000      1.0917018E+08
  6120.000      1.0890394E+08
  6125.000      1.0879374E+08
  6130.000      1.0866338E+08
  6135.000      1.0835601E+08
  6140.000      1.0758710E+08
  6145.000      1.0687857E+08
  6150.000      1.0657178E+08
  6155.000      1.0664366E+08
  6160.000      1.0662680E+08
  6165.000      1.0658372E+08
  6170.000      1.0702394E+08
  6175.000      1.0625376E+08
  6180.000      1.0626006E+08
  6185.000      1.0664295E+08
  6190.000      1.0614275E+08
  6195.000      1.0571104E+08
  6200.000      1.0402404E+08
  6205.000      1.0363188E+08
  6210.000      1.0348294E+08
  6215.000      1.0344931E+08
  6220.000      1.0396512E+08
  6225.000      1.0424906E+08
  6230.000      1.0379358E+08
  6235.000      1.0315418E+08
  6240.000      1.0312406E+08
  6245.000      1.0323055E+08
  6250.000      1.0306950E+08
  6255.000      1.0263270E+08
  6260.000      1.0234486E+08
  6265.000      1.0206186E+08
  6270.000      1.0140306E+08
  6275.000      1.0092610E+08
  6280.000      1.0057257E+08
  6285.000      1.0030988E+08
  6290.000      1.0066162E+08
  6295.000      1.0082155E+08
  6300.000      1.0069654E+08
  6305.000      1.0130847E+08
  6310.000      1.0180198E+08
  6315.000      1.0177650E+08
  6320.000      1.0159073E+08
  6325.000      1.0151714E+08
  6330.000      1.0167777E+08
  6335.000      1.0181182E+08
  6340.000      1.0181137E+08
  6345.000      1.0185744E+08
  6350.000      1.0175527E+08
  6355.000      1.0183440E+08
  6360.000      1.0198120E+08
  6365.000      1.0160657E+08
  6370.000      1.0099905E+08
  6375.000      1.0086562E+08
  6380.000      1.0102389E+08
  6385.000      1.0074586E+08
  6390.000      1.0031650E+08
  6395.000      1.0022731E+08
  6400.000      1.0043905E+08
  6405.000      1.0081558E+08
  6410.000      1.0064326E+08
  6415.000      9.9857368E+07
  6420.000      9.9958064E+07
  6425.000      1.0021742E+08
  6430.000      1.0039450E+08
  6435.000      1.0018330E+08
  6440.000      1.0023502E+08
  6445.000      1.0022402E+08
  6450.000      9.9843992E+07
  6455.000      9.9685384E+07
  6460.000      9.9490968E+07
  6465.000      9.8771312E+07
  6470.000      9.8111776E+07
  6475.000      9.7822000E+07
  6480.000      9.7467568E+07
  6485.000      9.7069432E+07
  6490.000      9.7205096E+07
  6495.000      9.7432688E+07
  6500.000      9.7088192E+07
  6501.029      9.6310376E+07
  6511.881      9.5898648E+07
  6522.750      9.5486992E+07
  6533.638      9.3896952E+07
  6544.544      9.1997616E+07
  6555.468      9.0094360E+07
  6566.411      8.8186896E+07
  6577.372      8.7032040E+07
  6588.351      8.8621352E+07
  6599.348      9.0213344E+07
  6610.364      9.1809128E+07
  6621.398      9.3407088E+07
  6632.450      9.3727616E+07
  6643.521      9.3427600E+07
  6654.611      9.3127728E+07
  6665.719      9.2826376E+07
  6676.845      9.2557496E+07
  6687.990      9.2461408E+07
  6699.154      9.2365216E+07
  6710.336      9.2267912E+07
  6721.537      9.2170712E+07
  6732.757      9.1960256E+07
  6743.995      9.1697704E+07
  6755.252      9.1435304E+07
  6766.528      9.1172256E+07
  6777.823      9.0920344E+07
  6789.137      9.0706768E+07
  6800.469      9.0492304E+07
  6811.821      9.0277552E+07
  6823.191      9.0061528E+07
  6834.581      8.9851344E+07
  6845.989      8.9641264E+07
  6857.416      8.9431872E+07
  6868.863      8.9220416E+07
  6880.328      8.9004384E+07
  6891.813      8.8783800E+07
  6903.317      8.8562408E+07
  6914.840      8.8340016E+07
  6926.382      8.8117592E+07
  6937.944      8.7887248E+07
  6949.525      8.7657496E+07
  6961.125      8.7427200E+07
  6972.745      8.7196168E+07
  6984.384      8.6977584E+07
  6996.042      8.6761072E+07
  7007.720      8.6543968E+07
  7019.417      8.6326824E+07
  7031.134      8.6049936E+07
  7042.871      8.5718200E+07
  7054.627      8.5385680E+07
  7066.402      8.5052584E+07
  7078.198      8.4771032E+07
  7090.013      8.4629112E+07
  7101.848      8.4487064E+07
  7113.702      8.4343776E+07
  7125.576      8.4200544E+07
  7137.470      8.4057368E+07
  7149.384      8.3913704E+07
  7161.318      8.3670088E+07
  7173.272      8.3421136E+07
  7185.246      8.3171096E+07
  7197.239      8.2920896E+07
  7209.253      8.2669992E+07
  7221.287      8.2418584E+07
  7233.341      8.2166136E+07
  7245.415      8.1913384E+07
  7257.509      8.1712712E+07
  7269.623      8.1543504E+07
  7281.758      8.1374104E+07
  7293.913      8.1203992E+07
  7306.087      8.1034584E+07
  7318.283      8.0863232E+07
  7330.499      8.0692408E+07
  7342.735      8.0520720E+07
  7354.991      8.0337040E+07
  7367.269      8.0135296E+07
  7379.566      7.9932136E+07
  7391.884      7.9729832E+07
  7404.223      7.9526304E+07
  7416.582      7.9322416E+07
  7428.962      7.9118184E+07
  7441.362      7.8913616E+07
  7453.783      7.8712168E+07
  7466.226      7.8518472E+07
  7478.688      7.8323712E+07
  7491.171      7.8129600E+07
  7503.676      7.7934432E+07
  7516.201      7.7738896E+07
  7528.747      7.7543168E+07
  7541.314      7.7346912E+07
  7553.902      7.7148960E+07
  7566.512      7.6948800E+07
  7579.142      7.6747648E+07
  7591.793      7.6546856E+07
  7604.465      7.6344744E+07
  7617.159      7.6142656E+07
  7629.873      7.5940112E+07
  7642.609      7.5737768E+07
  7655.366      7.5533152E+07
  7668.145      7.5327424E+07
  7680.944      7.5120944E+07
  7693.766      7.4914696E+07
  7706.608      7.4707048E+07
  7719.472      7.4499488E+07
  7732.357      7.4292008E+07
  7745.264      7.4082832E+07
  7758.193      7.3896480E+07
  7771.143      7.3721760E+07
  7784.115      7.3546800E+07
  7797.108      7.3371456E+07
  7810.123      7.3196048E+07
  7823.160      7.3020256E+07
  7836.218      7.2843288E+07
  7849.298      7.2666912E+07
  7862.401      7.2488888E+07
  7875.525      7.2310984E+07
  7888.670      7.2132728E+07
  7901.838      7.1953960E+07
  7915.028      7.1774848E+07
  7928.240      7.1595080E+07
  7941.474      7.1415456E+07
  7954.730      7.1234864E+07
  7968.008      7.1053952E+07
  7981.309      7.0872880E+07
  7994.631      7.0691488E+07
  8007.976      7.0509792E+07
  8021.343      7.0327328E+07
  8034.732      7.0144560E+07
  8048.144      6.9961192E+07
  8061.578      6.9775552E+07
  8075.034      6.9588720E+07
  8088.513      6.9401320E+07
  8102.015      6.9213208E+07
  8115.539      6.9025608E+07
  8129.085      6.8837152E+07
  8142.654      6.8648008E+07
  8156.246      6.8472464E+07
  8169.861      6.8326320E+07
  8183.498      6.8180192E+07
  8197.158      6.8033328E+07
  8210.841      6.7886480E+07
  8224.546      6.7739056E+07
  8238.274      6.7591512E+07
  8252.026      6.7443400E+07
  8265.801      6.7284232E+07
  8279.598      6.7124552E+07
  8293.418      6.6965108E+07
  8307.262      6.6804724E+07
  8321.129      6.6644576E+07
  8335.019      6.6483352E+07
  8348.931      6.6322080E+07
  8362.867      6.6156404E+07
  8376.827      6.5990132E+07
  8390.810      6.5823408E+07
  8404.815      6.5656240E+07
  8418.845      6.5488632E+07
  8432.897      6.5320592E+07
  8446.974      6.5151984E+07
  8461.074      6.4918060E+07
  8475.197      6.4665660E+07
  8489.344      6.4412260E+07
  8503.515      6.4159292E+07
  8517.709      6.3905212E+07
  8531.927      6.3650740E+07
  8546.168      6.3395468E+07
  8560.434      6.3177284E+07
  8574.723      6.2972572E+07
  8589.036      6.2766868E+07
  8603.373      6.2561148E+07
  8617.733      6.2354868E+07
  8632.118      6.2148316E+07
  8646.527      6.1941360E+07
  8660.960      6.1845272E+07
  8675.417      6.1785408E+07
  8689.898      6.1725200E+07
  8704.403      6.1664232E+07
  8718.933      6.1603464E+07
  8733.486      6.1542620E+07
  8748.064      6.1481568E+07
  8762.667      6.1269028E+07
  8777.294      6.1032960E+07
  8791.945      6.0796064E+07
  8806.620      6.0558628E+07
  8821.320      6.0321320E+07
  8836.045      6.0083232E+07
  8850.795      5.9872500E+07
  8865.568      6.0154520E+07
  8880.367      6.0437336E+07
  8895.190      6.0720548E+07
  8910.038      6.1004284E+07
  8924.911      6.1288268E+07
  8939.809      6.1573304E+07
  8954.730      6.1596296E+07
  8969.678      6.1053200E+07
  8984.650      6.0509444E+07
  8999.647      5.9964340E+07
  9014.670      5.9417888E+07
  9029.718      5.8870724E+07
  9044.790      5.8322196E+07
  9059.888      5.8333208E+07
  9075.011      5.8640160E+07
  9090.158      5.8947820E+07
  9105.332      5.9258656E+07
  9120.530      5.9570348E+07
  9135.755      5.9882624E+07
  9151.004      6.0127976E+07
  9166.279      5.9417364E+07
  9181.580      5.8704452E+07
  9196.906      5.7989904E+07
  9212.258      5.7274120E+07
  9227.635      5.6556732E+07
  9243.037      5.5838404E+07
  9258.466      5.5759124E+07
  9273.920      5.6207344E+07
  9289.400      5.6656924E+07
  9304.906      5.7107088E+07
  9320.438      5.7558556E+07
  9335.996      5.8010412E+07
  9351.580      5.8397932E+07
  9367.189      5.8207300E+07
  9382.825      5.8016524E+07
  9398.487      5.7825104E+07
  9414.176      5.7633556E+07
  9429.890      5.7441256E+07
  9445.630      5.7248088E+07
  9461.396      5.6674592E+07
  9477.190      5.5953168E+07
  9493.010      5.5230008E+07
  9508.855      5.4505780E+07
  9524.728      5.3779832E+07
  9540.626      5.3052132E+07
  9556.552      5.2800744E+07
  9572.504      5.3233128E+07
  9588.482      5.3666812E+07
  9604.487      5.4100588E+07
  9620.520      5.4535712E+07
  9636.578      5.4971440E+07
  9652.663      5.5315456E+07
  9668.775      5.5193392E+07
  9684.915      5.5071360E+07
  9701.081      5.4949112E+07
  9717.274      5.4826532E+07
  9733.494      5.4703628E+07
  9749.742      5.4580400E+07
  9766.017      5.4432820E+07
  9782.317      5.4284328E+07
  9798.646      5.4135168E+07
  9815.003      5.3985948E+07
  9831.386      5.3837020E+07
  9847.797      5.3687088E+07
  9864.234      5.3515476E+07
  9880.700      5.3339608E+07
  9897.193      5.3164088E+07
  9913.714      5.2987748E+07
  9930.262      5.2810948E+07
  9946.837      5.2634044E+07
  9963.440      5.2030048E+07
  9980.072      5.1323996E+07
  9996.730      5.0616632E+07
  10013.42      4.9908056E+07
  10030.13      4.9197516E+07
  10046.87      4.8485484E+07
  10063.64      4.8700388E+07
  10080.44      4.9129176E+07
  10097.27      4.9558152E+07
  10114.12      4.9988452E+07
  10131.01      5.0419284E+07
  10147.92      5.0851144E+07
  10164.86      5.0805384E+07
  10181.82      5.0691828E+07
  10198.82      5.0578524E+07
  10215.84      5.0464920E+07
  10232.90      5.0351016E+07
  10249.98      5.0236712E+07
  10267.09      5.0076788E+07
  10284.22      4.9916496E+07
  10301.39      4.9755844E+07
  10318.59      4.9595056E+07
  10335.81      4.9433484E+07
  10353.06      4.9279904E+07
  10370.34      4.9163604E+07
  10387.65      4.9047256E+07
  10404.99      4.8930212E+07
  10422.36      4.8813128E+07
  10439.76      4.8695896E+07
  10457.18      4.8569560E+07
  10474.64      4.8431212E+07
  10492.12      4.8292944E+07
  10509.64      4.8153376E+07
  10527.18      4.8014104E+07
  10544.75      4.7874712E+07
  10562.35      4.7733100E+07
  10579.99      4.7590764E+07
  10597.65      4.7448116E+07
  10615.33      4.7304860E+07
  10633.05      4.7161208E+07
  10650.80      4.7018612E+07
  10668.58      4.6896936E+07
  10686.39      4.6775164E+07
  10704.23      4.6652892E+07
  10722.09      4.6530524E+07
  10739.99      4.6407872E+07
  10757.92      4.6249876E+07
  10775.88      4.6048012E+07
  10793.86      4.5845212E+07
  10811.88      4.5642504E+07
  10829.93      4.5439096E+07
  10848.01      4.5235304E+07
  10866.11      4.4670280E+07
  10884.25      4.4059168E+07
  10902.42      4.3447352E+07
  10920.62      4.2833680E+07
  10938.85      4.2218756E+07
  10957.11      4.1999792E+07
  10975.40      4.2403836E+07
  10993.72      4.2808764E+07
  11012.07      4.3214516E+07
  11030.45      4.3620572E+07
  11048.86      4.4027928E+07
  11067.30      4.3967832E+07
  11085.78      4.3876980E+07
  11104.28      4.3785732E+07
  11122.82      4.3694104E+07
  11141.38      4.3602568E+07
  11159.98      4.3492500E+07
  11178.61      4.3365852E+07
  11197.27      4.3239008E+07
  11215.96      4.3111960E+07
  11234.68      4.2984440E+07
  11253.43      4.2857580E+07
  11272.22      4.2733812E+07
  11291.03      4.2609936E+07
  11309.88      4.2485764E+07
  11328.76      4.2361212E+07
  11347.67      4.2236560E+07
  11366.61      4.2121156E+07
  11385.58      4.2006988E+07
  11404.59      4.1892484E+07
  11423.63      4.1777928E+07
  11442.70      4.1663224E+07
  11461.80      4.1545828E+07
  11480.93      4.1427124E+07
  11500.09      4.1308304E+07
  11519.29      4.1188740E+07
  11538.52      4.1068984E+07
  11557.78      4.0949664E+07
  11577.07      4.0830780E+07
  11596.39      4.0711704E+07
  11615.75      4.0592440E+07
  11635.14      4.0472816E+07
  11654.56      4.0353988E+07
  11674.01      4.0237188E+07
  11693.50      4.0120284E+07
  11713.02      4.0002840E+07
  11732.57      3.9885040E+07
  11752.16      3.9768724E+07
  11771.77      3.9660412E+07
  11791.42      3.9552304E+07
  11811.10      3.9443800E+07
  11830.82      3.9335248E+07
  11850.57      3.9225528E+07
  11870.35      3.9094736E+07
  11890.16      3.8964120E+07
  11910.01      3.8832832E+07
  11929.89      3.8701392E+07
  11949.80      3.8569468E+07
  11969.75      3.8478780E+07
  11989.73      3.8388728E+07
  12009.74      3.8298128E+07
